-6.793806653573636334e-02 2.583436266636274237e-01 -1.557080554317653354e+00
-2.978611398696170642e+00 -7.097444087372786203e-01 -7.026673543809823785e-01
6.233054995631190920e-01 -3.847347716501665071e-01 -2.036310166821018619e+00
-1.738861962533349015e-01 -5.037763111080116873e-01 -2.987276972644386408e+00
1.318448243655024887e-01 -4.828910353909421915e-01 -1.505207223334556810e+00
2.589091542042022964e-01 -1.701354441534499162e-01 1.544226949773398250e+00
4.640563723844562394e-01 -1.622147405030148204e-01 1.521795711457490707e+00
-4.757519818319135285e-01 4.434399663998859348e-02 2.511270965108846620e-01
5.352236108853075658e-01 7.207305730346437178e-01 -2.391529769872757338e+00
5.986967339538211696e-01 -8.832231244384737556e-02 -1.478565782002005502e+00
-3.390230109598236785e-01 1.098991809656720969e-01 -3.306213506553521558e-02
6.618053259773239994e-01 4.031866380320892618e-01 -2.198149256781903316e-01
3.631637814663027930e-01 -2.508784367702805995e-01 -1.428785333106302458e-01
