-4.409500598766525670e+00 1.556713669916857334e+00 1.745009359974127605e+01
3.060841053013213298e+00 5.222830956418120785e+00 1.487626906389732717e+01
-4.960351276163335044e+00 1.087846727201513986e+00 1.146229527404778814e+01
-5.287045461006588454e+00 3.286581713083113421e+00 1.316067974026120702e+01
-4.086760318574492068e+00 -4.020437393714307639e+00 1.364115805816122418e+01
9.631481242795771891e-01 -4.495755216583420477e+00 1.677960739826813352e+01
-4.640166691334275839e+00 -5.240113826267739583e+00 1.737805453560646995e+01
-2.732646157859259795e+00 -5.294209286180796781e+00 1.489357985029762688e+01
-4.904190884722041233e+00 2.523213943039483986e+00 1.207959872475884744e+01
-3.481911858773615975e+00 -4.275332209729347355e+00 1.055943498064222830e+01
-4.372979111053689749e+00 -4.768601263841613758e+00 1.409724091610511643e+01
-5.014533950398059936e+00 -2.949935286669684853e+00 1.265444592365049026e+01
-4.082614515896283436e+00 -3.926066998730657787e+00 1.054191299617770916e+01
