-6.847937369413369113e-02 2.603171383657797988e-01 -1.556657587933643727e+00
-2.972478570523285679e+00 -7.231969073168021955e-01 -7.148159078508385944e-01
6.235985058990524132e-01 -3.858643071568172989e-01 -2.035434992273094768e+00
-1.749836515396050729e-01 -5.057699194643451301e-01 -2.985717427163061988e+00
1.308646460247689103e-01 -4.843268640657369950e-01 -1.504789717192970055e+00
2.617281759283199283e-01 -1.696177470939400356e-01 1.543850575814529780e+00
4.652481972947904998e-01 -1.593734271487000642e-01 1.521558178531580818e+00
-4.767261139358610622e-01 4.658513534941766815e-02 2.513907222461900237e-01
5.327728851923352327e-01 7.198806980165169955e-01 -2.391638382011910480e+00
6.008564785238418304e-01 -8.711661266365017253e-02 -1.477543569485157082e+00
-3.405574602441397980e-01 1.109731184667302750e-01 -3.314872930582649091e-02
6.560255174859741523e-01 3.992393790199341708e-01 -2.210154336374091366e-01
3.637071947110003256e-01 -2.537537318266634978e-01 -1.419213265387254397e-01
