-4.430971473907384883e+00 1.582182151521314140e+00 1.755179134330440149e+01
3.028382780018881171e+00 5.276832183144437138e+00 1.488594642999505524e+01
-4.973528477823375482e+00 1.104772950540192866e+00 1.152614431568681042e+01
-5.306116159542405342e+00 3.306636841315740760e+00 1.324368117695371261e+01
-4.102515485877320955e+00 -4.000379007446019486e+00 1.372342797371412715e+01
9.460142439405885284e-01 -4.470944120560415236e+00 1.688321175733037549e+01
-4.659266743492695539e+00 -5.216165738224693982e+00 1.749532174295038445e+01
-2.745872789795063440e+00 -5.266939630236672443e+00 1.497220712752696237e+01
-4.922759175472049442e+00 2.538593934025144883e+00 1.216652053014900403e+01
-3.487896796602810046e+00 -4.256048979952304023e+00 1.061072393424544202e+01
-4.386932581988217450e+00 -4.745253899667934760e+00 1.418060783963357530e+01
-5.032295013644605852e+00 -2.938042024007826214e+00 1.275384462275575537e+01
-4.092574172915938391e+00 -3.910603666149322422e+00 1.060491358372991044e+01
