-8.398744160901003286e-02 3.480280236226562796e-01 -1.542441253803139567e+00
-2.258469267037893635e-01 1.015511394414434942e+00 -2.794706287281840229e+00
-3.469824734374987174e-01 -6.738502803585492973e-02 -1.200889949052103667e+00
-2.752733576027531215e-01 1.012335766419833333e-01 -1.562965658851705575e+00
-4.735952649077170284e-01 8.970848358054260563e-02 -2.260597755364646411e-01
6.525919667140769875e-02 4.470184428618174666e-01 1.080001114551241287e-01
-1.014161033248562466e-01 3.203483428858280857e-01 3.147293028058869013e-01
-3.533906730300230836e-01 2.407187917043556447e-01 2.097002887106017843e-01
4.828725214407649791e-01 -1.703699874065413566e-01 -1.407403337790544606e+00
5.280146208575939998e-02 -6.017182195151040691e-01 -1.845382247578853108e-01
-3.746335907388653186e-01 6.982834020043976464e-02 -1.937108111200511879e-02
4.954233104894766870e-01 1.194882277090193734e-01 -2.967596184570882034e-01
1.972109066477138739e-01 -4.200994548004660656e-01 -1.949708028200314858e-01
