-3.914601269072472522e+00 1.521151659716460491e+00 1.726743534135147584e+01
3.412272063092800511e+00 5.276964982982010000e+00 1.427850555134913790e+01
-4.714919785340862646e+00 1.072485876079536826e+00 1.155565644604369346e+01
-4.976401235851559690e+00 3.286254552748800073e+00 1.281584009598643270e+01
-3.683818108342076236e+00 -4.059938042225818222e+00 1.335171379655955093e+01
1.401110631971418385e+00 -4.325130200016291226e+00 1.594226302765988557e+01
-4.307093848502257849e+00 -5.544905637312600000e+00 1.757756959795183249e+01
-2.296435827440777455e+00 -5.394992797150122144e+00 1.459390389808453925e+01
-4.575303962082789333e+00 2.502106978778837476e+00 1.171897153616769849e+01
-3.133970655322809051e+00 -4.294417786554467931e+00 1.007609798846918459e+01
-3.961873590691228131e+00 -4.842839546970946429e+00 1.364507576098561970e+01
-4.664472630030460643e+00 -2.997340614830236838e+00 1.232117493678910058e+01
-3.717708557858121488e+00 -3.924410542875853558e+00 9.969780687619634207e+00
