[[  9.99889504e-01  -8.34882729e-03  -1.22994783e-02]
 [  8.34799701e-03   9.99965148e-01  -1.18844420e-04]
 [  1.23000418e-02   1.61552807e-05   9.99924351e-01]]
[[  9.99796849e-01  -1.24729709e-02  -1.58330557e-02]
 [  1.24763585e-02   9.99922161e-01   1.15196884e-04]
 [  1.58303864e-02  -3.12712360e-04   9.99874643e-01]]
[[ 538.81567041    0.          373.69496918    0.        ]
 [   0.          538.81567041  214.73314476    0.        ]
 [   0.            0.            1.            0.        ]]
[[  5.38815670e+02   0.00000000e+00   3.73694969e+02  -1.80229886e+03]
 [  0.00000000e+00   5.38815670e+02   2.14733145e+02   0.00000000e+00]
 [  0.00000000e+00   0.00000000e+00   1.00000000e+00   0.00000000e+00]]
[[  1.00000000e+00   0.00000000e+00   0.00000000e+00  -3.73694969e+02]
 [  0.00000000e+00   1.00000000e+00   0.00000000e+00  -2.14733145e+02]
 [  0.00000000e+00   0.00000000e+00   0.00000000e+00   5.38815670e+02]
 [  0.00000000e+00   0.00000000e+00   2.98960224e-01  -0.00000000e+00]]
