-8.462692411001083992e-02 3.453050642566596329e-01 -1.543024885207700647e+00
-2.273803656891176528e-01 1.024472314694202080e+00 -2.792091882475530529e+00
-3.492521511177676952e-01 -6.965284797651578874e-02 -1.200653015623448949e+00
-2.764209833169252173e-01 9.700417959381994748e-02 -1.563284095091568959e+00
-4.764125840646176169e-01 8.854646888631066692e-02 -2.259494044110204602e-01
6.216028390136380671e-02 4.465448957567593746e-01 1.071340036255478689e-01
-1.046928281598493993e-01 3.177094060584514934e-01 3.142457016945163217e-01
-3.562375530578600347e-01 2.402072413854836053e-01 2.093171547413680555e-01
4.812064302092965984e-01 -1.739488850466952008e-01 -1.406844263827110364e+00
4.947325378689549497e-02 -6.013403619477941664e-01 -1.835680208163851523e-01
-3.770693841133593294e-01 6.831590407062990145e-02 -1.944409890335051239e-02
4.974411521367081979e-01 1.197422135579913477e-01 -2.960264249298656947e-01
1.933082053642204701e-01 -4.201652484447779834e-01 -1.942702129520853527e-01
