-3.919780244173824091e+00 1.575918522073829431e+00 1.715950504859789660e+01
3.419230378830958372e+00 5.286588678364013028e+00 1.422006137630116029e+01
-4.718518120711423514e+00 1.108129029848063274e+00 1.147173097118261076e+01
-4.981529651294104077e+00 3.326430622040254637e+00 1.271390923804358408e+01
-3.686437192493028814e+00 -4.020144284884827890e+00 1.328903717249289151e+01
1.396296777926621324e+00 -4.271462294657332848e+00 1.585034679477733910e+01
-4.315564438741886555e+00 -5.489636994910481960e+00 1.748175025723616471e+01
-2.301478390375769845e+00 -5.350052056854371685e+00 1.452772352439066950e+01
-4.575738648318227852e+00 2.540907166726440014e+00 1.162055880453144674e+01
-3.138364729720048985e+00 -4.262156016151195104e+00 1.001088200839760312e+01
-3.966455362054706058e+00 -4.802239274178739414e+00 1.357547919736503594e+01
-4.666376838646606906e+00 -2.953177989808985160e+00 1.222286977649656237e+01
-3.721262259085373447e+00 -3.893276549161255762e+00 9.904011033796690455e+00
